tweet_id,retweet_count,favorite_count
892177421306343426,5688,31142
891815181378084864,3770,23454
891689557279858688,7855,39389
891327558926688256,8460,37619
891087950875897856,2838,18951
890971913173991426,1845,11027
890729181411237888,17154,60820
890609185150312448,3906,26068
890240255349198849,6671,29820
890006608113172480,6658,28696
889880896479866881,4538,26104
889665388333682689,9099,44942
889638837579907072,4077,25294
889531135344209921,2053,14170
889278841981685760,4850,23581
888917238123831296,4090,27210
888804989199671297,3859,23924
888554962724278272,3168,18466
888078434458587136,3155,20382
887705289381826560,4901,28290
887517139158093824,10714,43389
887473957103951883,16359,64296
887343217045368832,9527,31485
887101392804085760,5427,28635
886983233522544640,6977,32656
886736880519319552,2928,11214
886680336477933568,4073,21024
886366144734445568,2883,19764
886267009285017600,4,111
886258384151887873,5749,26179
886054160059072513,100,0
885984800019947520,6114,30483
885528943205470208,5817,33625
885518971528720385,3400,19159
885311592912609280,16856,0
885167619883638784,3978,20480
884925521741709313,16456,72093
884876753390489601,5079,26034
884562892145688576,4280,22724
884441805382717440,5186,25344
884247878851493888,18488,67899
884162670584377345,2726,19089
883838122936631299,3129,20452
883482846933004288,8992,42863
883360690899218434,3368,21208
883117836046086144,6048,34710
882992080364220416,3545,22341
882762694511734784,4450,26439
882627270321602560,5529,26186
882268110199369728,10545,41924
882045870035918850,4453,27420
881906580714921986,3096,22773
881666595344535552,9723,47374
881633300179243008,7,117
881536004380872706,14538,46275
881268444196462592,4803,21738
880935762899988482,2541,15996
880872448815771648,3489,19916
880465832366813184,5664,26653
880221127280381952,3800,25230
880095782870896641,3954,25836
879862464715927552,3187,20945
879674319642796034,10,295
879492040517615616,2907,21987
879415818425184262,40515,98987
879376492567855104,2854,15734
879130579576475649,6196,0
879050749262655488,4283,21088
879008229531029506,2442,17808
878776093423087618,3729,18142
878604707211726852,6475,28211
878404777348136964,1179,0
878316110768087041,6082,0
878281511006478336,1179,7246
878057613040115712,6196,39429
877736472329191424,17296,74302
877611172832227328,73,0
877556246731214848,3477,21261
877316821321428993,4757,25682
877201837425926144,5097,25403
876838120628539392,3042,19405
876537666061221889,4284,22178
876484053909872640,2164,17599
876120275196170240,4269,26234
875747767867523072,3908,23612
875144289856114688,4491,20562
875097192612077568,5556,25749
875021211251597312,4326,23939
874680097055178752,4238,26107
874434818259525634,13312,0
874296783580663808,3765,24448
874057562936811520,3649,21337
874012996292530176,9392,32206
873580283840344065,3610,22767
873337748698140672,1462,0
873213775632977920,1462,6729
872967104147763200,4983,25636
872820683541237760,3419,13876
872620804844003328,3353,19506
872486979161796608,8313,38379
872122724285648897,7451,32305
871879754684805121,10116,35436
871762521631449091,3222,19052
871515927908634625,3208,19020
871166179821445120,5276,0
871102520638267392,5097,19729
871032628920680449,3535,21446
870804317367881728,5713,31754
870726314365509632,3,114
870656317836468226,2442,11656
870374049280663552,24496,78395
870308999962521604,3843,20700
870063196459192321,7694,34525
869772420881756160,9370,40246
869702957897576449,5847,26704
869596645499047938,2897,15096
869227993411051520,3506,19335
868880397819494401,13400,61930
868639477480148993,1933,0
868622495443632128,4923,25261
868552278524837888,1933,9547
867900495410671616,3892,22962
867774946302451713,6848,32212
867421006826221569,2320,15246
867072653475098625,112,0
867051520902168576,7347,30596
866720684873056260,4477,19022
866686824827068416,3260,18322
866450705531457537,32866,116172
866334964761202691,13312,49812
866094527597207552,7831,0
865718153858494464,5256,24402
865359393868664832,4688,25178
865006731092295680,7205,26680
864873206498414592,8135,30729
864279568663928832,2832,13877
864197398364647424,8306,28565
863907417377173506,3881,19633
863553081350529029,3929,14561
863471782782697472,2284,0
863432100342583297,4932,22683
863427515083354112,89,2103
863079547188785154,1043,8373
863062471531167744,2284,8068
862831371563274240,4844,18325
862722525377298433,3330,16333
862457590147678208,4643,19528
862096992088072192,21797,70968
861383897657036800,10093,34489
861288531465048066,3904,16422
861005113778896900,3600,15968
860981674716409858,2027,0
860924035999428608,755,0
860563773140209665,2027,7169
860524505164394496,5022,22647
860276583193509888,3318,17599
860184849394610176,5529,15994
860177593139703809,29282,0
859924526012018688,3885,18775
859851578198683649,3326,14798
859607811541651456,1486,17866
859196978902773760,28590,86274
859074603037188101,12944,32470
858860390427611136,7695,0
858843525470990336,3312,14990
858471635011153920,4622,20696
858107933456039936,2765,15157
857989990357356544,2476,15492
857746408056729600,10124,32996
857393404942143489,1571,5671
857263160327368704,4315,19343
857214891891077121,17,215
857062103051644929,162,0
857029823797047296,3805,18187
856543823941562368,2764,15770
856526610513747968,1799,11471
856330835276025856,644,0
856288084350160898,15,497
856282028240666624,6034,26851
855862651834028034,25,325
855860136149123072,936,4756
855857698524602368,2025,11499
855851453814013952,17311,44330
855818117272018944,5218,25838
855459453768019968,7906,28922
855245323840757760,5736,0
855138241867124737,43,0
854732716440526848,5849,22112
854482394044301312,6624,28475
854365224396361728,4531,18370
854120357044912130,7207,31146
854010172552949760,3052,15798
853760880890318849,5557,27836
853639147608842240,9719,33801
853299958564483072,3452,15111
852936405516943360,1935,0
852912242202992640,1760,8815
852672615818899456,2100,14554
852553447878664193,3377,15924
852311364735569921,9666,32415
852226086759018497,6659,19553
852189679701164033,1551,11210
851861385021730816,19,0
851591660324737024,3388,15928
851464819735769094,6881,23774
851224888060895234,5598,20277
850753642995093505,8908,30229
850380195714523136,2550,12858
850333567704068097,320,3394
850145622816686080,3707,16035
850019790995546112,4771,20048
849776966551130114,7430,29911
849668094696017920,4855,0
849412302885593088,3094,15605
849336543269576704,1863,11231
849051919805034497,8305,41675
848690551926992896,4238,24807
848324959059550208,4535,24335
848213670039564288,717,8056
848212111729840128,2982,16068
847978865427394560,3200,0
847971574464610304,425,0
847962785489326080,4988,23181
847842811428974592,1306,5356
847617282490613760,407,6889
847606175596138505,3373,18531
847251039262605312,4248,20242
847157206088847362,5761,19640
847116187444137987,3128,21195
846874817362120707,3873,19839
846514051647705089,11373,44082
846505985330044928,3029,13942
846153765933735936,8904,31230
846139713627017216,9872,30694
846042936437604353,2828,15804
845812042753855489,8574,28910
845677943972139009,4731,24928
845397057150107648,1778,7551
845306882940190720,5321,23106
845098359547420673,7548,0
844979544864018432,2521,13504
844973813909606400,3148,14934
844580511645339650,3087,16327
844223788422217728,2175,13536
843981021012017153,2915,15054
843856843873095681,4573,21278
843604394117681152,2716,16736
843235543001513987,5965,21354
842846295480000512,3602,15177
842765311967449089,1268,6684
842535590457499648,3474,17991
842163532590374912,5736,24265
842115215311396866,3008,13891
841833993020538882,14932,0
841680585030541313,7753,25576
841439858740625411,3664,12564
841320156043304961,5463,19682
841314665196081154,4619,15758
841077006473256960,5276,22736
840761248237133825,1757,0
840728873075638272,16022,0
840698636975636481,2,175
840696689258311684,966,12229
840632337062862849,1757,8958
840370681858686976,4512,16386
840268004936019968,5684,19179
839990271299457024,2263,13363
839549326359670784,7695,27377
839290600511926273,143,0
839239871831150596,6498,27017
838952994649550848,3984,19596
838921590096166913,2051,11114
838916489579200512,35,0
838831947270979586,10956,0
838561493054533637,1331,10914
838476387338051585,4758,22441
838201503651401729,10017,0
838150277551247360,332,1670
838085839343206401,1,138
838083903487373313,3128,17575
837820167694528512,7831,34031
837482249356513284,442,3845
837471256429613056,2268,12780
837110210464448512,2360,16034
836989968035819520,2292,12748
836753516572119041,4632,19303
836677758902222849,2223,12598
836648853927522308,555,0
836397794269200385,27457,0
836380477523124226,2990,14750
836260088725786625,4302,21298
836001077879255040,4257,19070
835685285446955009,8124,0
835574547218894849,3621,17792
835536468978302976,1697,0
835309094223372289,20925,0
835297930240217089,3014,16478
835264098648616962,1697,7739
835246439529840640,73,2099
835172783151792128,5767,26185
835152434251116546,3019,22408
834931633769889797,1647,10805
834786237630337024,5498,21373
834574053763584002,2539,13672
834477809192075265,10652,0
834458053273591808,1687,9622
834209720923721728,4757,20608
834167344700198914,3665,15847
834089966724603904,2141,10064
834086379323871233,2215,13090
833863086058651648,2416,13456
833826103416520705,3783,18095
833732339549220864,221,0
833722901757046785,3224,20843
833479644947025920,2060,14870
833124694597443584,4855,20244
832998151111966721,2209,13276
832769181346996225,39,0
832757312314028032,3633,16899
832682457690300417,2923,11906
832645525019123713,532,2934
832636094638288896,2794,15889
832397543355072512,2225,11994
832369877331693569,3200,17225
832273440279240704,2345,11377
832215909146226688,6225,0
832215726631055365,9356,0
832088576586297345,2,62
832040443403784192,9664,0
832032802820481025,4673,17924
831939777352105988,6159,24072
831926988323639298,34,337
831911600680497154,6533,27706
831670449226514432,1831,10484
831650051525054464,1935,7162
831552930092285952,2323,9008
831322785565769729,1561,9293
831315979191906304,1132,6559
831309418084069378,2479,11797
831262627380748289,2059,11943
830956169170665475,1507,8001
830583320585068544,16856,67103
830173239259324417,5711,0
830097400375152640,2966,9839
829878982036299777,5045,0
829861396166877184,1960,12292
829501995190984704,10652,31892
829449946868879360,2036,10507
829141528400556032,7387,24503
829011960981237760,16383,53348
828801551087042563,3441,0
828770345708580865,5905,25693
828708714936930305,11245,36684
828650029636317184,1359,9543
828409743546925057,1172,6376
828408677031882754,1302,7717
828381636999917570,2228,12642
828376505180889089,1080,7422
828372645993398273,2960,12619
828361771580813312,173,2207
828046555563323392,2888,11803
828011680017821696,2166,10407
827933404142436356,5289,20218
827653905312006145,3037,15587
827600520311402496,952,7494
827324948884643840,3078,15943
827199976799354881,2236,10637
826958653328592898,5045,21693
826848821049180160,10249,36576
826615380357632002,4018,0
826598799820865537,254,5147
826598365270007810,2364,10108
826476773533745153,4225,18516
826240494070030336,2630,13385
826204788643753985,933,4905
826115272272650244,3163,15758
825876512159186944,1889,10554
825829644528148480,2516,12823
825535076884762624,17681,57224
825147591692263424,4591,18440
825120256414846976,1273,0
825026590719483904,1273,6353
824796380199809024,5548,0
824775126675836928,3555,15024
824663926340194305,1790,10595
824325613288833024,10613,11918
824297048279236611,3907,15175
824025158776213504,603,4868
823939628516474880,2734,10714
823719002937630720,11312,0
823699002998870016,2549,14100
823581115634085888,2650,13142
823333489516937216,25,707
823322678127919110,4075,15868
823269594223824897,9991,0
822975315408461824,3487,17452
822872901745569793,43694,132708
822859134160621569,2310,13390
822647212903690241,6482,0
822610361945911296,2995,14949
822489057087389700,6482,18329
822462944365645825,14475,28307
822244816520155136,9991,35263
822163064745328640,4834,0
821886076407029760,2344,11423
821813639212650496,3394,0
821765923262631936,1677,8495
821522889702862852,1787,8100
821421320206483457,5657,0
821407182352777218,4387,11896
821153421864615936,10,259
821149554670182400,2019,8735
821107785811234820,2163,9696
821044531881721856,2312,12797
820837357901512704,6813,0
820749716845686786,10017,31885
820690176645140481,3277,12330
820494788566847489,570,0
820446719150292993,2599,0
820314633777061888,570,3382
820078625395449857,6377,20015
820013781606658049,1191,0
819952236453363712,1191,5387
819924195358416896,4936,13038
819711362133872643,3159,13520
819588359383371776,2016,9745
819347104292290561,1227,7294
819238181065359361,412,2294
819227688460238848,6813,23327
819015337530290176,37324,0
819015331746349057,19204,0
819006400881917954,19204,45804
819004803107983360,37324,87890
818646164899774465,21297,0
818627210458333184,7645,22657
818614493328580609,2606,9964
818588835076603904,6242,0
818536468981415936,2497,11029
818307523543449600,8213,0
818259473185828864,2300,11154
818145370475810820,2611,12431
817908911860748288,817,4917
817827839487737858,27457,52309
817777686764523521,2734,10883
817536400337801217,3012,11916
817502432452313088,3442,0
817423860136083457,14932,34283
817415592588222464,966,5670
817181837579653120,8586,0
817171292965273600,2055,8879
817120970343411712,2641,12370
817056546584727552,1672,8709
816829038950027264,4780,0
816816676327063552,2077,10140
816697700272001025,2231,9925
816450570814898180,8213,30844
816336735214911488,1977,8716
816091915477250048,2179,9044
816062466425819140,1039,0
816014286006976512,5363,0
815990720817401858,1039,5015
815966073409433600,8586,22722
815745968457060357,4206,0
815736392542261248,2298,9990
815639385530101762,1676,8342
815390420867969024,3863,10509
814986499976527872,1298,7758
814638523311648768,2744,11429
814578408554463233,5941,0
814530161257443328,1900,8770
814153002265309185,8826,29149
813944609378369540,3238,0
813910438903693312,1896,9422
813812741911748608,14213,36974
813800681631023104,1798,8435
813217897535406080,7427,18915
813202720496779264,1843,9376
813187593374461952,4445,20180
813172488309972993,1960,9421
813157409116065792,2252,7883
813142292504645637,2427,8598
813130366689148928,455,4539
813127251579564032,3189,12024
813112105746448384,2793,10454
813096984823349248,3683,10730
813081950185472002,2827,10043
813066809284972545,1993,8075
813051746834595840,7500,21304
812781120811126785,1943,7700
812709060537683968,1460,6724
812503143955202048,1241,6174
812466873996607488,1969,8086
812372279581671427,3730,13859
811985624773361665,1430,7374
811744202451197953,1630,7658
811647686436880384,758,5698
811627233043480576,3145,12971
811386762094317568,6503,21263
810984652412424192,1464,5426
810896069567610880,1807,9158
810657578271330305,2702,11142
810284430598270976,11520,35840
810254108431155201,3441,14949
809920764300447744,4018,15787
809808892968534016,4990,0
809448704142938112,1496,7045
809220051211603969,5711,20250
809084759137812480,3597,13452
808838249661788160,3107,10279
808733504066486276,2206,8032
808501579447930884,2659,11494
808344865868283904,21297,43277
808134635716833280,6059,0
808106460588765185,2246,8930
808001312164028416,3604,12737
807621403335917568,3695,14834
807106840509214720,56559,120280
807059379405148160,7496,0
807010152071229440,3945,13296
806629075125202948,35378,76007
806620845233815552,5646,0
806576416489959424,1984,4969
806542213899489280,2402,10402
806242860592926720,11876,0
806219024703037440,1218,6532
805958939288408065,5479,0
805932879469572096,1958,8420
805826884734976000,1867,6686
805823200554876929,8196,0
805520635690676224,1688,5839
805487436403003392,2570,8939
805207613751304193,1755,7969
804738756058218496,3894,13935
804475857670639616,2054,6246
804413760345620481,3304,0
804026241225523202,16499,45263
803773340896923648,2803,10227
803692223237865472,7578,0
803638050916102144,4225,11131
803380650405482500,1902,7910
803321560782307329,5438,0
803276597545603072,2509,10199
802952499103731712,2052,9162
802624713319034886,2973,0
802600418706604034,1501,7225
802572683846291456,2567,9084
802323869084381190,5951,16489
802265048156610565,1406,6883
802239329049477120,2680,9234
802185808107208704,278,0
801958328846974976,1751,7878
801854953262350336,243,1806
801538201127157760,2113,8365
801285448605831168,840,6164
801167903437357056,6059,24916
801127390143516673,4032,0
801115127852503040,2148,8219
800859414831898624,98,697
800855607700029440,1642,0
800751577355128832,2858,10746
800513324630806528,3049,13357
800459316964663297,2219,9671
800443802682937345,4416,0
800388270626521089,2871,11340
800188575492947969,4024,0
800141422401830912,2599,15545
800018252395122689,13450,28870
799774291445383169,4795,0
799757965289017345,2211,8534
799422933579902976,1967,8203
799308762079035393,5593,0
799297110730567681,2819,10061
799063482566066176,2513,8204
798933969379225600,4564,13320
798925684722855936,1472,7625
798705661114773508,6784,0
798701998996647937,7954,0
798697898615730177,6647,0
798694562394996736,5066,0
798686750113755136,2383,0
798682547630837760,4814,0
798673117451325440,5664,0
798665375516884993,3995,0
798644042770751489,1892,0
798628517273620480,2017,0
798585098161549313,5837,0
798576900688019456,5972,0
798340744599797760,3420,0
798209839306514432,2613,10609
797971864723324932,3176,11814
797545162159308800,4969,14801
797236660651966464,6728,20305
797165961484890113,26,226
796904159865868288,9114,0
796865951799083009,1956,7822
796759840936919040,3101,12049
796563435802726400,7422,0
796484825502875648,1798,7707
796387464403357696,4237,11189
796177847564038144,14579,0
796149749086875649,14579,32809
796125600683540480,1847,5047
796116448414461957,2469,9262
796080075804475393,2360,8601
796031486298386433,3789,10997
795464331001561088,24151,50488
795400264262053889,2940,10235
795076730285391872,5548,16482
794983741416415232,3445,0
794926597468000259,2359,10430
794355576146903043,10532,0
794332329137291264,2736,9745
794205286408003585,3390,9384
793962221541933056,4990,17122
793845145112371200,1908,9386
793614319594401792,3204,0
793601777308463104,1660,8121
793500921481273345,2426,10854
793286476301799424,9356,25010
793271401113350145,2439,8854
793256262322548741,8521,20321
793241302385262592,3367,10703
793226087023144960,2932,10010
793210959003287553,2854,9091
793195938047070209,5746,15561
793180763617361921,2042,7064
793165685325201412,2849,9570
793150605191548928,1737,6283
793135492858580992,2549,6548
793120401413079041,4003,12895
792913359805018113,4061,14585
792883833364439040,4359,11508
792773781206999040,1709,7485
792394556390137856,4384,13685
792050063153438720,1842,7266
791821351946420224,21521,0
791784077045166082,9794,0
791780927877898241,3900,0
791774931465953280,22657,45916
791672322847637504,3204,11950
791406955684368384,4206,13353
791312159183634433,2591,8943
791026214425268224,4188,0
790987426131050500,2179,9993
790946055508652032,4780,16927
790723298204217344,2359,0
790698755171364864,1968,8359
790581949425475584,7306,21004
790337589677002753,1918,7957
790277117346975746,3238,12781
790227638568808452,3643,0
789986466051088384,2359,9416
789960241177853952,4204,0
789903600034189313,4219,10522
789628658055020548,1803,7616
789599242079838210,1966,6876
789530877013393408,3445,11925
789314372632018944,2338,8790
789280767834746880,5041,0
789268448748703744,2654,9250
789137962068021249,2857,9877
788908386943430656,12718,27883
788765914992902144,10532,27805
788552643979468800,7324,0
788412144018661376,5373,15796
788178268662984705,2137,7342
788150585577050112,1312,6227
788070120937619456,3496,0
788039637453406209,1349,6228
787810552592695296,3105,8780
787717603741622272,2836,10424
787397959788929025,2896,11070
787322443945877504,1773,7909
787111942498508800,6875,0
786963064373534720,8124,27039
786729988674449408,2470,0
786709082849828864,6225,18535
786664955043049472,2609,10765
786595970293370880,3175,9586
786363235746385920,3572,11062
786286427768250368,2899,8096
786233965241827333,4834,15499
786051337297522688,158,1447
786036967502913536,7149,0
785927819176054784,3241,11568
785872687017132033,1847,6795
785639753186217984,2273,7961
785533386513321988,2033,9249
785515384317313025,1281,6203
785264754247995392,1670,7370
785170936622350336,4921,12202
784826020293709826,3304,10267
784517518371221505,2583,9099
784431430411685888,1291,5773
784183165795655680,8196,20382
784057939640352768,11312,30197
783839966405230592,10956,30469
783821107061198850,2004,7462
783695101801398276,3271,10608
783466772167098368,2284,8577
783391753726550016,5571,17120
783347506784731136,5641,0
783334639985389568,11876,29541
783085703974514689,2234,8261
782969140009107456,7496,24444
782747134529531904,1434,7573
782722598790725632,5479,17510
782598640137187329,1903,7905
782305867769217024,5657,16881
782021823840026624,6301,0
781955203444699136,3422,11272
781661882474196992,2761,10566
781655249211752448,1144,4038
781524693396357120,5646,21006
781308096455073793,2588,7232
781251288990355457,2109,8543
781163403222056960,2780,9934
780931614150983680,7422,21909
780858289093574656,2043,7279
780800785462489090,1324,5561
780601303617732608,3394,12263
780543529827336192,1767,6380
780496263422808064,3754,0
780476555013349377,115,0
780459368902959104,1091,5357
780192070812196864,2277,8811
780092040432480260,2334,0
780074436359819264,5050,12313
779834332596887552,7149,19137
779377524342161408,3152,8907
779124354206535695,18569,0
779056095788752897,4597,14940
778990705243029504,7303,20216
778774459159379968,10027,0
778764940568104960,366,874
778748913645780993,1332,6965
778650543019483137,1527,5842
778624900596654080,1021,4689
778408200802557953,4386,13771
778396591732486144,12405,0
778383385161035776,1119,5902
778286810187399168,3341,10498
778039087836069888,2682,8599
778027034220126208,1638,6618
777953400541634568,3570,0
777885040357281792,1647,6409
777684233540206592,2973,11346
777641927919427584,4288,0
777621514455814149,2529,8836
777189768882946048,4353,14412
776819012571455488,13865,0
776813020089548800,1224,4933
776477788987613185,2818,8916
776249906839351296,9248,0
776218204058357768,16052,30209
776201521193218049,2542,9711
776113305656188928,4416,11879
776088319444877312,153,1856
775898661951791106,16719,0
775842724423557120,2688,11832
775733305207554048,4032,14001
775729183532220416,4648,13117
775364825476165632,3002,7468
775350846108426240,3948,10267
775085132600442880,4795,15698
774757898236878852,1806,8686
774639387460112384,1754,6795
774314403806253056,5593,21979
773985732834758656,3911,10814
773922284943896577,1765,6452
773704687002451968,1647,6661
773670353721753600,1326,5392
773547596996571136,6242,22307
773336787167145985,5137,0
773308824254029826,7548,23501
773247561583001600,3287,9542
773191612633579521,4190,10083
772877495989305348,3918,8635
772826264096874500,2371,8128
772615324260794368,3420,0
772581559778025472,1714,6560
772193107915964416,1407,6098
772152991789019136,1143,3831
772117678702071809,750,3803
772114945936949249,472,2746
772102971039580160,951,4027
771908950375665664,1927,6641
771770456517009408,3420,12106
771500966810099713,2633,8324
771380798096281600,5137,10557
771171053431250945,7543,0
771136648247640064,2957,9219
771102124360998913,1456,6283
771014301343748096,1673,6933
770787852854652928,1212,4964
770772759874076672,1429,5212
770655142660169732,1783,7390
770414278348247044,2121,6379
770293558247038976,1496,6294
770093767776997377,3085,0
770069151037685760,2317,7646
769940425801170949,9664,31609
769695466921623552,1696,6457
769335591808995329,7804,0
769212283578875904,1737,5429
768970937022709760,6576,14455
768909767477751808,2701,0
768855141948723200,897,4230
768609597686943744,1217,4157
768596291618299904,1293,5068
768554158521745409,5899,0
768473857036525572,3470,13706
768193404517830656,3570,10941
767884188863397888,1395,4775
767754930266464257,5438,16113
767500508068192258,2363,7542
767191397493538821,3791,12384
767122157629476866,2879,10231
766864461642756096,5683,0
766793450729734144,1365,5096
766714921925144576,380,2625
766693177336135680,803,4039
766423258543644672,1607,6027
766313316352462849,1904,6831
766078092750233600,2650,0
766069199026450432,857,4255
766008592277377025,503,3767
765719909049503744,2167,7268
765669560888528897,1235,5220
765395769549590528,3408,26745
765371061932261376,2187,7104
765222098633691136,3420,11692
764857477905154048,1789,6486
764259802650378240,1512,6051
763956972077010945,55,762
763837565564780549,4188,12654
763183847194451968,1482,5412
763167063695355904,3044,0
763103485927849985,2310,7392
762699858130116608,3643,12202
762471784394268675,6456,11264
762464539388485633,4204,10344
762316489655476224,1130,4821
762035686371364864,15630,32010
761976711479193600,2024,5426
761750502866649088,3945,0
761745352076779520,869,4291
761672994376806400,29282,49747
761599872357261312,1194,4140
761371037149827077,18164,0
761334018830917632,1461,5213
761292947749015552,1091,4503
761227390836215808,1574,5345
761004547850530816,3496,11373
760893934457552897,985,3828
760656994973933572,1923,6603
760641137271070720,1307,4998
760539183865880579,3640,7588
760521673607086080,1392,4233
760290219849637889,11550,26906
760252756032651264,871,3954
760190180481531904,1816,5716
760153949710192640,31,0
759943073749200896,2090,5972
759923798737051648,5683,14721
759846353224826880,1984,6755
759793422261743616,1925,5979
759557299618865152,1193,4716
759447681597108224,2470,8513
759446261539934208,492,1677
759197388317847553,1954,6089
759159934323924993,1161,0
759099523532779520,4189,14566
759047813560868866,2032,6509
758854675097526272,902,3557
758828659922702336,3852,11243
758740312047005698,1618,5756
758474966123810816,1007,3818
758467244762497024,2226,4804
758405701903519748,1918,5221
758355060040593408,1079,3399
758099635764359168,10027,19111
758041019896193024,377,2707
757741869644341248,3263,6888
757729163776290825,7965,0
757725642876129280,1218,4550
757611664640446465,1114,4573
757597904299253760,301,0
757596066325864448,1063,4345
757400162377592832,6885,15178
757393109802180609,1745,5832
757354760399941633,1428,4525
756998049151549440,1991,6297
756939218950160384,2016,6655
756651752796094464,1308,5064
756526248105566208,3603,10428
756303284449767430,1098,3938
756288534030475264,17767,44076
756275833623502848,1537,6428
755955933503782912,2893,7332
755206590534418437,5385,16467
755110668769038337,11128,21239
754874841593970688,7934,0
754856583969079297,2534,6906
754747087846248448,524,2591
754482103782404096,1961,5301
754449512966619136,735,3759
754120377874386944,2361,7899
753655901052166144,2174,5845
753420520834629632,3578,7921
753398408988139520,1907,5763
753375668877008896,2334,7654
753298634498793472,5713,0
753294487569522689,1046,3369
753039830821511168,20925,37166
753026973505581056,971,3926
752932432744185856,6875,12648
752917284578922496,1585,6938
752701944171524096,2877,0
752682090207055872,1597,6008
752660715232722944,1559,4375
752568224206688256,2289,5510
752519690950500352,3444,7374
752334515931054080,1097,3819
752309394570878976,16270,0
752173152931807232,1843,5967
751950017322246144,920,3058
751937170840121344,1337,5191
751830394383790080,1950,5815
751793661361422336,2903,5834
751598357617971201,3046,7926
751583847268179968,1104,4394
751538714308972544,1266,5041
751456908746354688,1004,3219
751251247299190784,5891,12518
751205363882532864,1821,6329
751132876104687617,1296,5074
750868782890057730,1366,4787
750719632563142656,5041,13180
750506206503038976,1144,4439
750429297815552001,4288,13164
750383411068534784,1155,4566
750381685133418496,27,691
750147208377409536,962,3104
750132105863102464,1295,3611
750117059602808832,1315,4330
750101899009982464,845,3040
750086836815486976,534,2170
750071704093859840,3340,7835
750056684286914561,896,3164
750041628174217216,619,3177
750026558547456000,792,2720
750011400160841729,908,3245
749996283729883136,818,3068
749981277374128128,2468,5116
749774190421639168,1315,4661
749417653287129088,1640,6111
749403093750648834,534,2618
749395845976588288,3433,8553
749317047558017024,2234,5507
749075273010798592,2072,5745
749064354620928000,1524,4799
749036806121881602,795,3088
748977405889503236,3395,10761
748932637671223296,2253,5807
748705597323898880,947,2780
748699167502000129,1589,4743
748692773788876800,1331,4241
748575535303884801,1970,6056
748568946752774144,668,2193
748346686624440324,1226,5204
748337862848962560,4101,7631
748324050481647620,757,3674
748307329658011649,711,3668
748220828303695873,7787,14114
747963614829678593,2142,5765
747933425676525569,2539,6583
747885874273214464,976,2939
747844099428986880,750,2814
747816857231626240,1160,4839
747651430853525504,155,1379
747648653817413632,5840,12855
747600769478692864,555,2320
747594051852075008,1056,3666
747512671126323200,1609,5528
747461612269887489,1041,3853
747439450712596480,1913,5404
747242308580548608,2897,0
747219827526344708,1566,5247
747204161125646336,920,3366
747103485104099331,3956,9537
746906459439529985,296,2889
746872823977771008,2128,5962
746818907684614144,1736,5302
746790600704425984,1600,4857
746757706116112384,3900,9554
746726898085036033,1793,6035
746542875601690625,1873,5022
746521445350707200,979,0
746507379341139972,1081,4633
746369468511756288,1623,6167
746131877086527488,2199,6888
746056683365994496,808,3531
745789745784041472,1063,4010
745712589599014916,2323,6977
745433870967832576,2528,7055
745422732645535745,2430,8537
745314880350101504,2740,7149
745074613265149952,3486,7806
745057283344719872,2256,7230
744995568523612160,617,2956
744971049620602880,2676,7849
744709971296780288,1560,5590
744334592493166593,2107,6752
744234799360020481,77591,155722
744223424764059648,365,1655
743980027717509120,1090,4151
743895849529389061,959,3630
743835915802583040,2066,0
743609206067040256,1381,4451
743595368194129920,6508,18305
743545585370791937,939,3517
743510151680958465,3715,7891
743253157753532416,1221,4211
743222593470234624,1901,6174
743210557239623680,1358,3813
742534281772302336,3559,7037
742528092657332225,1970,4397
742465774154047488,3893,7226
742423170473463808,3754,9771
742385895052087300,1959,6776
742161199639494656,1363,4320
742150209887731712,1540,5095
741793263812808706,1504,4514
741743634094141440,2741,8132
741438259667034112,828,3655
741303864243200000,3186,8740
741099773336379392,5490,9917
741067306818797568,3085,9455
740995100998766593,2725,6327
740711788199743490,933,3384
740699697422163968,780,2832
740676976021798912,6784,18080
740373189193256964,13248,34817
740365076218183684,431,2442
740359016048689152,863,3276
740214038584557568,1954,6650
739979191639244800,5899,19867
739932936087216128,1069,4028
739844404073074688,851,3772
739623569819336705,1345,3747
739606147276148736,1645,5350
739544079319588864,21127,39265
739485634323156992,2913,7109
739238157791694849,57565,115065
738891149612572673,6,111
738885046782832640,1136,3751
738883359779196928,789,3278
738537504001953792,1533,5053
738402415918125056,830,3226
738184450748633089,1203,4288
738166403467907072,3332,8708
738156290900254721,637,2490
737826014890496000,1758,5235
737800304142471168,3438,9915
737678689543020544,1309,5010
737445876994609152,4429,10185
737322739594330112,809,3576
737310737551491075,7365,14560
736736130620620800,1713,4226
736392552031657984,7324,17559
736365877722001409,1237,3937
736225175608430592,2760,8061
736010884653420544,2972,7835
735991953473572864,1144,3570
735648611367784448,1094,4000
735635087207878657,2334,6112
735274964362878976,4998,12919
735256018284875776,875,3300
735137028879360001,964,3108
734912297295085568,524,2728
734787690684657664,6237,12425
734776360183431168,539,2476
734559631394082816,392,1470
733828123016450049,776,3548
733822306246479872,1016,3638
733482008106668032,945,3115
733460102733135873,1271,4160
733109485275860992,16719,49796
732732193018155009,531,2414
732726085725589504,881,3519
732585889486888962,772,3630
732375214819057664,2495,8009
732005617171337216,5363,14770
731285275100512256,984,3457
731156023742988288,1257,3809
730924654643314689,1956,6089
730573383004487680,2115,4859
730427201120833536,1043,3452
730211855403241472,1052,3776
730196704625098752,1882,4796
729854734790754305,1116,3993
729838605770891264,380,1711
729823566028484608,1234,3935
729463711119904772,2297,5739
729113531270991872,322,1859
728986383096946689,818,3113
728760639972315136,1691,4632
728751179681943552,675,2732
728653952833728512,1026,3274
728409960103686147,1985,4868
728387165835677696,955,3654
728046963732717569,1188,4261
728035342121635841,1651,4515
728015554473250816,1099,4074
727685679342333952,636,2932
727644517743104000,1737,5823
727524757080539137,1211,4431
727314416056803329,736,3304
727286334147182592,806,3015
727175381690781696,1370,3866
727155742655025152,1319,3583
726935089318363137,2431,6805
726887082820554753,1506,3796
726828223124897792,992,3526
726224900189511680,1136,4379
725842289046749185,2650,7011
725786712245440512,1357,4120
725729321944506368,1770,5147
725458796924002305,610,1397
724983749226668032,1301,3690
724771698126512129,632,2323
724405726123311104,1633,5228
724049859469295616,1758,4278
724046343203856385,549,2629
724004602748780546,1539,4136
723912936180330496,1225,3846
723688335806480385,2912,7586
723673163800948736,880,2978
723179728551723008,1849,5250
722974582966214656,1544,4056
722613351520608256,1623,4911
721503162398597120,1831,4574
721001180231503872,605,2496
720785406564900865,760,3084
720775346191278080,657,2430
720415127506415616,1486,4083
720389942216527872,2478,6306
720340705894408192,969,2831
720059472081784833,1109,3824
720043174954147842,1982,4851
719991154352222208,1726,4784
719704490224398336,1414,4491
719551379208073216,1887,4996
719367763014393856,734,2768
719339463458033665,1220,4381
719332531645071360,940,3390
718971898235854848,1066,3445
718939241951195136,1743,5196
718631497683582976,7954,18659
718613305783398402,477,2409
718540630683709445,1007,2423
718460005985447936,521,2667
718454725339934721,1496,4812
718246886998687744,499,1891
718234618122661888,986,3832
717841801130979328,599,2428
717790033953034240,1101,2842
717537687239008257,1841,5727
717428917016076293,444,1594
717421804990701568,839,3128
717047459982213120,1915,6225
717009362452090881,954,3214
716802964044845056,1160,4239
716791146589110272,1562,8071
716730379797970944,424,1219
716447146686459905,5798,12923
716439118184652801,207,2354
716285507865542656,1047,2739
716080869887381504,1882,6679
715928423106027520,871,3159
715758151270801409,1423,3678
715733265223708672,1672,4611
715704790270025728,562,2764
715696743237730304,1278,3869
715680795826982913,1599,4257
715360349751484417,1550,5419
715342466308784130,687,3012
715220193576927233,641,2396
715200624753819648,1869,5084
715009755312439296,1217,4108
714982300363173890,1022,3698
714962719905021952,4219,7274
714957620017307648,1399,4086
714631576617938945,988,3240
714606013974974464,920,3593
714485234495041536,1118,2656
714258258790387713,714,2998
714251586676113411,827,3244
714214115368108032,864,2245
714141408463036416,1380,4278
713919462244790272,782,3259
713909862279876608,531,1880
713900603437621249,737,2803
713761197720473600,1366,4822
713411074226274305,1285,4401
713177543487135744,2807,7152
713175907180089344,1462,4415
712809025985978368,6647,18370
712717840512598017,4930,12227
712668654853337088,1204,4142
712438159032893441,1549,5273
712309440758808576,25,242
712097430750289920,1020,3742
712092745624633345,881,2916
712085617388212225,481,3240
712065007010385924,614,2246
711998809858043904,125,0
711968124745228288,2282,7983
711743778164514816,975,2808
711732680602345472,4076,8759
711694788429553666,18164,32563
711652651650457602,904,3816
711363825979756544,1130,3613
711306686208872448,731,3272
711008018775851008,607,2972
710997087345876993,1375,4525
710844581445812225,683,2520
710833117892898816,528,2659
710658690886586372,554,2290
710609963652087808,2360,4750
710588934686908417,1850,4488
710296729921429505,731,2355
710283270106132480,517,2128
710272297844797440,1239,4492
710269109699739648,1114,2375
710153181850935296,879,2879
710140971284037632,873,2732
710117014656950272,1975,5440
709918798883774466,1076,3451
709901256215666688,99,662
709852847387627521,1191,3491
709566166965075968,1199,3520
709556954897764353,1064,3262
709519240576036864,235,1480
709449600415961088,564,2205
709409458133323776,675,2598
709225125749587968,569,2391
709207347839836162,5752,12422
709198395643068416,638,2408
709179584944730112,664,1984
709158332880297985,411,2016
709042156699303936,1612,4701
708853462201716736,653,1785
708845821941387268,894,2962
708834316713893888,495,1667
708810915978854401,6870,16331
708738143638450176,801,2723
708711088997666817,713,2513
708479650088034305,676,2522
708469915515297792,806,3071
708400866336894977,9967,15829
708356463048204288,1306,3553
708349470027751425,732,2324
708149363256774660,1541,4243
708130923141795840,845,3354
708119489313951744,974,2665
708109389455101952,546,1930
708026248782585858,1915,4353
707995814724026368,1116,3103
707983188426153984,2,50
707969809498152960,957,2680
707776935007539200,951,3251
707741517457260545,610,2465
707738799544082433,2439,4045
707693576495472641,984,3372
707629649552134146,869,2549
707610948723478529,6301,16842
707420581654872064,694,2255
707411934438625280,595,2286
707387676719185920,1279,3470
707377100785885184,1084,3251
707315916783140866,634,2452
707297311098011648,780,2749
707059547140169728,666,2575
707038192327901184,784,2169
707021089608753152,1346,4054
707014260413456384,595,2299
706904523814649856,7804,14457
706901761596989440,590,2041
706681918348251136,965,3273
706644897839910912,1081,2552
706593038911545345,629,2135
706538006853918722,1416,3449
706516534877929472,1025,3091
706346369204748288,917,3425
706310011488698368,7859,21135
706291001778950144,474,1683
706265994973601792,928,2711
706169069255446529,2194,3879
706166467411222528,1588,5129
706153300320784384,383,1474
705975130514706432,727,3086
705970349788291072,886,3148
705898680587526145,546,2347
705786532653883392,513,1918
705591895322394625,1146,3139
705475953783398401,906,2937
705442520700944385,1616,4395
705428427625635840,1672,3783
705239209544720384,745,2984
705223444686888960,794,2569
705102439679201280,515,2127
705066031337840642,615,2168
704871453724954624,1108,4239
704859558691414016,537,2238
704847917308362754,1517,5030
704819833553219584,979,2619
704761120771465216,2897,6589
704499785726889984,1008,2898
704491224099647488,78,748
704480331685040129,1061,3359
704364645503647744,3527,7933
704347321748819968,348,1569
704134088924532736,456,1492
704113298707505153,569,1838
704054845121142784,907,2902
703774238772166656,457,1831
703769065844768768,1134,3255
703631701117943808,677,2562
703611486317502464,1518,3817
703425003149250560,1360,3786
703407252292673536,691,2426
703382836347330562,1139,3490
703356393781329922,383,1912
703268521220972544,546,1962
703079050210877440,3061,7345
703041949650034688,12405,26161
702932127499816960,727,2560
702899151802126337,451,1601
702684942141153280,1073,3203
702671118226825216,552,2182
702598099714314240,3409,12154
702539513671897089,952,2865
702332542343577600,1537,3156
702321140488925184,1034,3256
702276748847800320,762,2450
702217446468493312,1325,4737
701981390485725185,986,3426
701952816642965504,1019,3820
701889187134500865,1378,3518
701805642395348998,1665,3387
701601587219795968,448,2078
701570477911896070,920,2795
701545186879471618,605,2643
701214700881756160,5066,12121
700890391244103680,563,2202
700864154249383937,617,2577
700847567345688576,501,2440
700796979434098688,934,2423
700747788515020802,9248,22669
700518061187723268,793,2590
700505138482569216,564,2272
700462010979500032,1776,4099
700167517596164096,731,2611
700151421916807169,669,2221
700143752053182464,2701,7471
700062718104104960,687,2633
700029284593901568,583,2059
700002074055016451,1333,3298
699801817392291840,948,3043
699788877217865730,506,2215
699779630832685056,1221,2726
699775878809702401,603,1948
699691744225525762,4586,10207
699446877801091073,2598,5913
699434518667751424,513,2149
699423671849451520,324,1353
699413908797464576,622,2068
699370870310113280,441,1875
699323444782047232,857,3133
699088579889332224,630,2229
699079609774645248,651,2435
699072405256409088,1184,2952
699060279947165696,1787,3724
699036661657767936,1190,2585
698989035503689728,969,3320
698953797952008193,893,2663
698907974262222848,622,2523
698710712454139905,677,2453
698703483621523456,376,1437
698635131305795584,337,1287
698549713696649216,621,2307
698355670425473025,444,1845
698342080612007937,949,2259
698262614669991936,1989,4722
698195409219559425,5941,16656
698178924120031232,736,2791
697995514407682048,330,1507
697990423684476929,1290,3266
697943111201378304,672,2368
697881462549430272,1170,2993
697630435728322560,538,1733
697616773278015490,1007,3146
697596423848730625,1257,3001
697575480820686848,496,2030
697516214579523584,1107,2045
697482927769255936,672,2400
697463031882764288,1391,3394
697270446429966336,1863,4662
697259378236399616,999,3282
697255105972801536,1156,3020
697242256848379904,666,2498
696900204696625153,1015,3153
696894894812565505,674,2334
696886256886657024,1791,4824
696877980375769088,706,2422
696754882863349760,360,1477
696744641916489729,934,2051
696713835009417216,650,2360
696518437233913856,1701,3886
696490539101908992,141,1206
696488710901260288,1012,2508
696405997980676096,1147,3188
696100768806522880,650,1921
695816827381944320,1155,3000
695794761660297217,760,3143
695767669421768709,742,1848
695629776980148225,2079,4529
695446424020918272,1800,4367
695409464418041856,3555,8606
695314793360662529,1446,3606
695095422348574720,611,2619
695074328191332352,1090,2821
695064344191721472,588,1593
695051054296211456,784,2648
694925794720792577,914,2677
694905863685980160,936,2730
694669722378485760,14290,35575
694356675654983680,285,1490
694352839993344000,613,2021
694342028726001664,481,1566
694329668942569472,498,1995
694206574471057408,2027,4128
694183373896572928,921,2932
694001791655137281,1020,3387
693993230313091072,398,1862
693942351086120961,369,1736
693647888581312512,580,2670
693644216740769793,122,1337
693642232151285760,408,2518
693629975228977152,789,2424
693622659251335168,372,1529
693590843962331137,1946,5024
693582294167244802,250,1635
693486665285931008,634,1765
693280720173801472,1227,3328
693267061318012928,807,2360
693262851218264065,496,2200
693231807727280129,731,2853
693155686491000832,3190,7827
693109034023534592,607,1699
693095443459342336,458,1845
692919143163629568,747,2662
692905862751522816,861,2410
692901601640583168,599,1752
692894228850999298,800,2251
692828166163931137,877,2852
692752401762250755,3623,6771
692568918515392513,1523,4335
692535307825213440,1355,3147
692530551048294401,411,1816
692423280028966913,225,1473
692417313023332352,3442,9303
692187005137076224,815,2521
692158366030913536,784,2136
692142790915014657,392,1640
692041934689402880,1265,3386
692017291282812928,953,2867
691820333922455552,1651,3932
691793053716221953,4201,8078
691756958957883396,994,2838
691675652215414786,504,1943
691483041324204033,561,2379
691459709405118465,1135,4021
691444869282295808,845,2634
691416866452082688,7578,19188
691321916024623104,658,2548
691096613310316544,874,2944
691090071332753408,331,1710
690989312272396288,2846,5861
690959652130045952,1239,3558
690938899477221376,1941,4060
690932576555528194,1010,3266
690735892932222976,1263,3759
690728923253055490,512,2165
690690673629138944,812,2318
690649993829576704,278,1293
690607260360429569,18,294
690597161306841088,598,1940
690400367696297985,450,1875
690374419777196032,842,3236
690360449368465409,875,2657
690348396616552449,515,1499
690248561355657216,413,1666
690021994562220032,1026,2771
690015576308211712,727,2474
690005060500217858,1681,3636
689999384604450816,367,1411
689993469801164801,447,1456
689977555533848577,443,1356
689905486972461056,697,2426
689877686181715968,1155,3024
689835978131935233,742,2162
689661964914655233,924,3203
689659372465688576,3844,10321
689623661272240129,638,2220
689599056876867584,5485,11575
689557536375177216,453,2032
689517482558820352,1421,3377
689289219123089408,936,2247
689283819090870273,1099,3249
689280876073582592,705,1967
689275259254616065,243,1138
689255633275777024,1078,2536
689154315265683456,995,3061
689143371370250240,507,2010
688916208532455424,861,2701
688908934925697024,758,2103
688898160958271489,776,2085
688894073864884227,685,2231
688828561667567616,368,1371
688804835492233216,191,959
688789766343622656,657,2204
688547210804498433,692,2582
688519176466644993,722,2303
688385280030670848,4454,9230
688211956440801280,825,2230
688179443353796608,580,2130
688116655151435777,770,2809
688064179421470721,358,1722
687841446767013888,2497,5423
687826841265172480,1115,2732
687818504314159109,940,2465
687807801670897665,713,2385
687732144991551489,663,1750
687704180304273409,836,2416
687664829264453632,509,1925
687494652870668288,575,1885
687480748861947905,239,1587
687476254459715584,531,1975
687460506001633280,540,2043
687399393394311168,614,1875
687317306314240000,9114,20013
687312378585812992,1889,4329
687127927494963200,2252,5403
687124485711986689,500,2158
687109925361856513,2447,5760
687102708889812993,970,2329
687096057537363968,599,2227
686947101016735744,3173,8576
686760001961103360,1372,3496
686749460672679938,1447,3452
686730991906516992,1192,4112
686683045143953408,795,2806
686618349602762752,1356,3684
686606069955735556,541,1876
686394059078897668,684,1730
686386521809772549,873,3234
686377065986265092,563,2193
686358356425093120,664,2168
686286779679375361,1654,3979
686050296934563840,726,2204
686035780142297088,116,1139
686034024800862208,1137,3068
686007916130873345,409,2474
686003207160610816,621,1818
685973236358713344,518,2086
685943807276412928,588,1621
685906723014619143,2865,7453
685681090388975616,124,2021
685667379192414208,561,2348
685663452032069632,1447,3219
685641971164143616,773,2917
685547936038666240,15523,32732
685532292383666176,1149,3016
685325112850124800,3945,9394
685321586178670592,635,2639
685315239903100929,1037,3291
685307451701334016,440,2060
685268753634967552,1193,3084
685198997565345792,666,2331
685169283572338688,1422,4087
684969860808454144,367,2376
684959798585110529,3103,6788
684940049151070208,1041,3189
684926975086034944,457,3472
684914660081053696,1440,3495
684902183876321280,524,1861
684880619965411328,802,2078
684830982659280897,21521,34790
684800227459624960,995,2725
684594889858887680,3476,8840
684588130326986752,1403,4095
684567543613382656,1207,2997
684538444857667585,946,2638
684481074559381504,1161,3868
684460069371654144,557,1963
684241637099323392,3254,8091
684225744407494656,207,1218
684222868335505415,1360,3792
684200372118904832,1025,2138
684195085588783105,508,1900
684188786104872960,1162,3473
684177701129875456,657,2001
684147889187209216,1508,2962
684122891630342144,465,1999
684097758874210310,1422,4087
683857920510050305,1116,3782
683852578183077888,341,1925
683849932751646720,958,2591
683834909291606017,1104,2605
683828599284170753,1057,2774
683773439333797890,1340,3330
683742671509258241,3277,6431
683515932363329536,2877,7286
683498322573824003,960,3157
683481228088049664,992,2638
683462770029932544,668,2407
683449695444799489,1596,3867
683391852557561860,2383,7578
683357973142474752,908,2888
683142553609318400,1039,2850
683111407806746624,905,3381
683098815881154561,654,2148
683078886620553216,560,1978
683030066213818368,732,2150
682962037429899265,16450,36583
682808988178739200,167,1767
682788441537560576,1103,2458
682750546109968385,435,1508
682697186228989953,356,1313
682662431982772225,1074,3042
682638830361513985,595,2061
682429480204398592,1145,3418
682406705142087680,1757,7506
682393905736888321,668,2221
682389078323662849,457,1643
682303737705140231,963,3038
682259524040966145,1196,4115
682242692827447297,1153,3230
682088079302213632,9794,18115
682059653698686977,1668,4906
682047327939461121,924,3170
682032003584274432,1988,6523
682003177596559360,1513,3104
681981167097122816,1024,2791
681891461017812993,810,2453
681694085539872773,4024,12695
681679526984871937,435,1763
681654059175129088,914,2621
681610798867845120,460,1888
681579835668455424,1285,3525
681523177663676416,5713,14198
681340665377193984,275,1633
681339448655802368,4052,9213
681320187870711809,736,2629
681302363064414209,1802,3908
681297372102656000,944,3185
681281657291280384,1088,3202
681261549936340994,266,1448
681242418453299201,525,1476
681231109724700672,479,2392
681193455364796417,1470,3673
680970795137544192,649,2407
680959110691590145,1987,4551
680940246314430465,1046,3180
680934982542561280,431,2070
680913438424612864,618,2383
680889648562991104,360,1751
680836378243002368,1308,3436
680805554198020098,659,2137
680801747103793152,812,2364
680798457301471234,1022,2823
680609293079592961,692,2611
680583894916304897,1323,3592
680497766108381184,1898,4207
680494726643068929,481,1703
680473011644985345,736,2526
680440374763077632,496,1435
680221482581123072,291,1457
680206703334408192,1154,2810
680191257256136705,497,2125
680176173301628928,1535,3869
680161097740095489,726,2310
680145970311643136,1722,3577
680130881361686529,934,2271
680115823365742593,897,2694
680100725817409536,1360,3539
680085611152338944,8903,12704
680070545539371008,854,2561
679877062409191424,643,1975
679872969355714560,654,2169
679862121895714818,613,2437
679854723806179328,1216,2829
679844490799091713,752,2346
679828447187857408,13865,35918
679777920601223168,1089,3066
679736210798047232,780,2077
679729593985699840,816,2147
679722016581222400,460,1645
679530280114372609,2063,4755
679527802031484928,714,2621
679511351870550016,1251,3328
679503373272485890,1447,3138
679475951516934144,632,2074
679462823135686656,18569,31213
679405845277462528,1192,2345
679158373988876288,7934,21043
679148763231985668,1015,2743
679132435750195208,1141,2941
679111216690831360,2543,5890
679062614270468097,7965,16745
679047485189439488,658,2221
679001094530465792,1205,2787
678991772295516161,1140,2270
678969228704284672,452,1628
678800283649069056,886,2533
678798276842360832,1145,3414
678774928607469569,891,2778
678767140346941444,1340,3481
678764513869611008,468,1611
678755239630127104,3225,7016
678740035362037760,1655,3711
678708137298427904,2387,5523
678675843183484930,1435,2821
678643457146150913,400,2024
678446151570427904,1520,3941
678424312106393600,2500,5397
678410210315247616,1774,4157
678399652199309312,31250,78136
678396796259975168,408,1572
678389028614488064,418,1847
678380236862578688,897,2402
678341075375947776,528,1710
678334497360859136,249,1289
678278586130948096,5983,11254
678255464182861824,358,1569
678023323247357953,375,1885
678021115718029313,6217,13408
677961670166224897,1658,3361
677918531514703872,397,1323
677895101218201600,2034,4749
677716515794329600,966,3005
677700003327029250,1417,3332
677698403548192770,312,1211
677687604918272002,834,2452
677673981332312066,1470,3278
677662372920729601,937,1918
677644091929329666,783,1825
677573743309385728,690,2093
677565715327688705,454,1276
677557565589463040,1127,2401
677547928504967168,3600,6820
677530072887205888,223,1046
677335745548390400,1744,2988
677334615166730240,280,1320
677331501395156992,232,1066
677328882937298944,1475,3577
677314812125323265,521,1615
677301033169788928,393,1215
677269281705472000,696,1948
677228873407442944,1608,3483
677187300187611136,903,2689
676975532580409345,1046,2724
676957860086095872,797,2196
676949632774234114,388,1280
676948236477857792,847,2120
676946864479084545,361,1696
676942428000112642,736,2031
676936541936185344,4814,12467
676916996760600576,1774,2924
676897532954456065,709,2205
676864501615042560,694,2056
676821958043033607,15230,22454
676819651066732545,648,1783
676811746707918848,414,1392
676776431406465024,1981,4897
676617503762681856,938,2823
676613908052996102,197,1060
676606785097199616,423,1850
676603393314578432,375,1138
676593408224403456,2116,4466
676590572941893632,119,899
676588346097852417,762,2266
676582956622721024,268,1170
676575501977128964,1096,2519
676533798876651520,542,1830
676496375194980353,521,1490
676470639084101634,4571,11335
676440007570247681,646,1684
676430933382295552,337,1366
676263575653122048,528,2033
676237365392908289,281,1183
676219687039057920,30325,74660
676215927814406144,561,1697
676191832485810177,1006,2225
676146341966438401,645,1870
676121918416756736,1130,2115
676101918813499392,1137,2758
676098748976615425,1385,2930
676089483918516224,427,1280
675898130735476737,558,1573
675891555769696257,832,2070
675888385639251968,933,2319
675878199931371520,1364,4079
675870721063669760,551,1587
675853064436391936,1258,2624
675849018447167488,140,917
675845657354215424,855,2215
675822767435051008,521,1481
675820929667219457,230,1021
675798442703122432,3321,9991
675781562965868544,453,1591
675740360753160193,332,1134
675710890956750848,793,1838
675707330206547968,663,1922
675706639471788032,92,627
675534494439489536,401,1780
675531475945709568,370,1155
675522403582218240,281,1012
675517828909424640,451,1256
675501075957489664,5664,16693
675497103322386432,1254,3050
675489971617296384,576,1258
675483430902214656,952,1792
675432746517426176,551,1476
675372240448454658,501,1641
675362609739206656,225,1022
675354435921575936,16270,31602
675349384339542016,2201,3801
675334060156301312,1246,2685
675166823650848770,1538,3462
675153376133427200,2497,6066
675149409102012420,1630,3640
675147105808306176,227,915
675146535592706048,287,1148
675145476954566656,867,2068
675135153782571009,467,1266
675113801096802304,759,1890
675111688094527488,244,933
675109292475830276,1098,2712
675047298674663426,311,1036
675015141583413248,1146,2626
675006312288268288,216,951
675003128568291329,450,1516
674999807681908736,1070,2176
674805413498527744,343,835
674800520222154752,825,2921
674793399141146624,1053,2434
674790488185167872,242,1071
674788554665512960,202,790
674781762103414784,1153,1944
674774481756377088,452,1081
674767892831932416,753,1769
674764817387900928,229,769
674754018082705410,429,1327
674752233200820224,448,1422
674743008475090944,530,1354
674742531037511680,49,471
674739953134403584,375,1066
674737130913071104,85,626
674690135443775488,456,1111
674670581682434048,625,1556
674664755118911488,242,883
674646392044941312,474,1388
674644256330530816,260,999
674638615994089473,560,1633
674632714662858753,554,1454
674606911342424069,95,909
674468880899788800,1961,6022
674447403907457024,345,1027
674436901579923456,375,1076
674422304705744896,523,1383
674416750885273600,131,667
674410619106390016,443,1161
674394782723014656,552,1462
674372068062928900,304,826
674330906434379776,72,546
674318007229923329,503,1363
674307341513269249,6709,10968
674291837063053312,5641,14191
674271431610523648,708,1517
674269164442398721,221,883
674265582246694913,808,1582
674262580978937856,434,1266
674255168825880576,523,1414
674082852460433408,163,736
674075285688614912,273,956
674063288070742018,2112,6161
674053186244734976,1245,3182
674051556661161984,472,1401
674045139690631169,615,1358
674042553264685056,121,696
674038233588723717,401,1067
674036086168010753,200,821
674024893172875264,1176,1713
674019345211760640,292,1088
674014384960745472,609,1504
674008982932058114,339,1154
673956914389192708,917,1887
673919437611909120,356,1130
673906403526995968,1563,3060
673887867907739649,244,907
673716320723169284,720,2974
673715861853720576,1979,3405
673711475735838725,286,1004
673709992831262724,262,806
673708611235921920,275,1039
673707060090052608,378,1062
673705679337693185,393,1215
673700254269775872,544,1380
673697980713705472,1892,3821
673689733134946305,618,1676
673688752737402881,474,1218
673686845050527744,415,1388
673680198160809984,446,1319
673662677122719744,352,1210
673656262056419329,228,693
673636718965334016,346,1062
673612854080196609,690,1542
673583129559498752,345,1147
673580926094458881,263,803
673576835670777856,541,1335
673363615379013632,291,987
673359818736984064,645,1398
673355879178194945,553,1450
673352124999274496,518,1600
673350198937153538,200,724
673345638550134785,1208,2419
673343217010679808,258,932
673342308415348736,551,1227
673320132811366400,7543,12928
673317986296586240,244,847
673295268553605120,3044,7230
673270968295534593,347,1037
673240798075449344,692,1370
673213039743795200,805,2165
673148804208660480,602,1630
672997845381865473,680,1893
672995267319328768,273,914
672988786805112832,275,953
672984142909456390,520,1213
672980819271634944,971,1751
672975131468300288,864,1614
672970152493887488,341,916
672968025906282496,519,1276
672964561327235073,616,1371
672902681409806336,475,1320
672898206762672129,404,875
672884426393653248,808,1487
672877615439593473,337,993
672834301050937345,539,1262
672828477930868736,467,1211
672640509974827008,303,943
672622327801233409,465,1243
672614745925664768,555,1181
672609152938721280,373,1070
672604026190569472,383,1071
672594978741354496,587,1286
672591762242805761,323,920
672591271085670400,177,694
672538107540070400,346,992
672523490734551040,160,608
672488522314567680,416,1066
672482722825261057,570,1081
672481316919734272,123,693
672475084225949696,672,1392
672466075045466113,509,1306
672272411274932228,3215,6204
672267570918129665,591,1434
672264251789176834,324,1093
672256522047614977,1468,2713
672254177670729728,707,1382
672248013293752320,572,1672
672245253877968896,147,660
672239279297454080,309,863
672231046314901505,963,1755
672222792075620352,203,756
672205392827572224,1102,2173
672169685991993344,352,983
672160042234327040,341,842
672139350159835138,662,1671
672125275208069120,1093,2289
672095186491711488,354,963
672082170312290304,348,907
672068090318987265,494,1243
671896809300709376,3995,8166
671891728106971137,547,1266
671882082306625538,1327,3325
671879137494245376,637,1356
671874878652489728,525,1205
671866342182637568,472,1076
671855973984772097,418,869
671789708968640512,3317,6778
671768281401958400,477,1151
671763349865160704,864,1607
671744970634719232,725,1297
671743150407421952,227,723
671735591348891648,725,1390
671729906628341761,4160,8163
671561002136281088,6917,12266
671550332464455680,201,870
671547767500775424,564,1294
671544874165002241,1002,1886
671542985629241344,538,1050
671538301157904385,371,896
671536543010570240,387,1122
671533943490011136,552,984
671528761649688577,248,814
671520732782923777,504,1339
671518598289059840,284,914
671511350426865664,672,1534
671504605491109889,3398,6712
671497587707535361,427,884
671488513339211776,454,963
671486386088865792,186,558
671485057807351808,223,730
671390180817915904,712,1386
671362598324076544,286,1061
671357843010908160,147,386
671355857343524864,113,467
671347597085433856,411,921
671186162933985280,201,703
671182547775299584,321,1076
671166507850801152,330,842
671163268581498880,1047,1581
671159727754231808,76,357
671154572044468225,208,684
671151324042559489,144,642
671147085991960577,204,642
671141549288370177,625,1106
671138694582165504,382,889
671134062904504320,184,717
671122204919246848,2399,3357
671115716440031232,744,1310
671109016219725825,418,1102
670995969505435648,280,1068
670842764863651840,8296,23699
670840546554966016,185,563
670838202509447168,661,1070
670833812859932673,116,424
670832455012716544,206,706
670826280409919488,3877,5293
670823764196741120,178,744
670822709593571328,91,584
670815497391357952,1467,3048
670811965569282048,258,1086
670807719151067136,465,1121
670804601705242624,913,1883
670803562457407488,84,331
670797304698376195,225,708
670792680469889025,260,791
670789397210615808,224,636
670786190031921152,193,576
670783437142401025,367,796
670782429121134593,733,1493
670780561024270336,277,761
670778058496974848,70,319
670764103623966721,400,1039
670755717859713024,103,425
670733412878163972,492,921
670727704916926465,341,801
670717338665226240,460,1152
670704688707301377,355,745
670691627984359425,231,569
670679630144274432,269,723
670676092097810432,39,239
670668383499735048,4777,10239
670474236058800128,706,1454
670468609693655041,83,344
670465786746662913,519,932
670452855871037440,194,529
670449342516494336,622,1155
670444955656130560,1892,6454
670442337873600512,190,624
670435821946826752,490,1015
670434127938719744,618,1352
670433248821026816,106,318
670428280563085312,590,1327
670427002554466305,152,502
670421925039075328,603,1256
670420569653809152,301,597
670417414769758208,306,550
670411370698022913,847,1946
670408998013820928,209,534
670403879788544000,144,410
670385711116361728,193,544
670374371102445568,258,719
670361874861563904,62,317
670338931251150849,102,410
670319130621435904,1161,3725
670303360680108032,125,416
670290420111441920,270,673
670093938074779648,316,988
670086499208155136,243,670
670079681849372674,1165,2128
670073503555706880,751,1502
670069087419133954,225,598
670061506722140161,316,734
670055038660800512,313,642
670046952931721218,162,620
670040295598354432,105,724
670037189829525505,259,572
670003130994700288,86,317
669993076832759809,79,313
669972011175813120,149,425
669970042633789440,55,291
669942763794931712,151,487
669926384437997569,93,363
669923323644657664,53,224
669753178989142016,377,775
669749430875258880,63,253
669684865554620416,86,495
669683899023405056,102,373
669682095984410625,128,342
669680153564442624,269,647
669661792646373376,411,777
669625907762618368,1721,3387
669603084620980224,344,915
669597912108789760,142,496
669583744538451968,879,1433
669573570759163904,132,422
669571471778410496,972,1532
669567591774625800,53,227
669564461267722241,117,373
669393256313184256,70,348
669375718304980992,693,1274
669371483794317312,171,476
669367896104181761,143,442
669363888236994561,216,600
669359674819481600,114,357
669354382627049472,1221,2589
669353438988365824,248,603
669351434509529089,171,417
669328503091937280,398,977
669327207240699904,114,552
669324657376567296,198,481
669216679721873412,387,1147
669214165781868544,151,422
669203728096960512,449,967
669037058363662336,298,630
669015743032369152,357,716
669006782128353280,235,554
669000397445533696,6082,20057
668994913074286592,216,423
668992363537309700,323,720
668989615043424256,314,649
668988183816871936,440,868
668986018524233728,156,532
668981893510119424,287,518
668979806671884288,332,769
668975677807423489,555,1252
668967877119254528,21,139
668960084974809088,231,680
668955713004314625,67,266
668932921458302977,55,252
668902994700836864,97,307
668892474547511297,143,385
668872652652679168,288,507
668852170888998912,153,434
668826086256599040,128,420
668815180734689280,252,540
668779399630725120,350,680
668655139528511488,208,503
668645506898350081,506,840
668643542311546881,505,841
668641109086707712,518,1029
668636665813057536,468,999
668633411083464705,1536,2684
668631377374486528,302,677
668627278264475648,109,304
668625577880875008,122,368
668623201287675904,716,1367
668620235289837568,38,191
668614819948453888,304,594
668587383441514497,1023,1594
668567822092664832,50,233
668544745690562560,215,493
668542336805281792,202,436
668537837512433665,67,245
668528771708952576,213,446
668507509523615744,100,312
668496999348633600,125,391
668484198282485761,222,412
668480044826800133,141,440
668466899341221888,489,856
668297328638447616,282,603
668291999406125056,29,234
668286279830867968,130,483
668274247790391296,223,788
668268907921326080,222,535
668256321989451776,573,1240
668248472370458624,459,930
668237644992782336,2703,5923
668226093875376128,97,287
668221241640230912,187,496
668204964695683073,186,534
668190681446379520,191,621
668171859951755264,183,466
668154635664932864,295,479
668142349051129856,267,554
668113020489474048,224,645
667937095915278337,756,1200
667924896115245057,108,284
667915453470232577,53,199
667911425562669056,282,473
667902449697558528,360,822
667886921285246976,1027,1789
667885044254572545,449,785
667878741721415682,113,376
667873844930215936,384,601
667866724293877760,979,2895
667861340749471744,74,234
667832474953625600,59,285
667806454573760512,467,1013
667801013445750784,93,316
667793409583771648,313,673
667782464991965184,234,397
667773195014021121,52,225
667766675769573376,204,421
667728196545200128,143,364
667724302356258817,306,459
667550904950915073,33,0
667550882905632768,32,0
667549055577362432,2142,5512
667546741521195010,116,325
667544320556335104,499,822
667538891197542400,61,196
667534815156183040,496,783
667530908589760512,224,445
667524857454854144,1061,1618
667517642048163840,181,352
667509364010450944,2017,6488
667502640335572993,212,518
667495797102141441,253,499
667491009379606528,212,507
667470559035432960,90,245
667455448082227200,56,183
667453023279554560,84,298
667443425659232256,547,747
667437278097252352,225,431
667435689202614272,81,297
667405339315146752,213,448
667393430834667520,52,187
667369227918143488,153,350
667211855547486208,225,465
667200525029539841,247,586
667192066997374976,93,366
667188689915760640,379,713
667182792070062081,5837,13628
667177989038297088,51,184
667176164155375616,432,581
667174963120574464,74,234
667171260800061440,79,211
667165590075940865,1066,2562
667160273090932737,60,247
667152164079423490,16022,45443
667138269671505920,2066,4356
667119796878725120,123,318
667090893657276420,118,316
667073648344346624,112,379
667070482143944705,14,80
667065535570550784,42,161
667062181243039745,49,210
667044094246576128,46,175
667012601033924608,211,425
666996132027977728,84,231
666983947667116034,926,2422
666837028449972224,522,768
666835007768551424,76,201
666826780179869698,87,243
666817836334096384,236,490
666804364988780544,85,221
666786068205871104,456,717
666781792255496192,179,365
666776908487630848,161,330
666739327293083650,62,222
666701168228331520,205,407
666691418707132416,45,176
666649482315059201,582,1060
666644823164719104,76,221
666454714377183233,199,490
666447344410484738,18,98
666437273139982337,42,116
666435652385423360,47,158
666430724426358785,177,298
666428276349472768,77,155
666421158376562688,105,300
666418789513326592,42,115
666411507551481857,298,412
666407126856765440,32,100
666396247373291520,75,158
666373753744588802,83,173
666362758909284353,518,725
666353288456101888,66,198
666345417576210432,128,274
666337882303524864,83,181
666293911632134144,317,465
666287406224695296,61,136
666273097616637952,70,161
666268910803644416,32,96
666104133288665088,5972,13609
666102155909144576,11,70
666099513787052032,60,143
666094000022159362,66,153
666082916733198337,41,103
666073100786774016,146,298
666071193221509120,52,136
666063827256086533,197,448
666058600524156928,53,106
666057090499244032,124,269
666055525042405380,220,408
666051853826850816,774,1124
666050758794694657,51,124
666049248165822465,40,96
666044226329800704,131,272
666033412701032449,41,112
666029285002620928,42,121
666020888022790149,460,2408
